0.23175172316265488
0.2515787631405256
0.24669648632276778
0.23880083878650893
0.2307499927319215
0.22311705238822804
0.21602364996290527
0.20947304183602647
0.20343268825981903
0.19786138369114922
0.19271638673749317
0.1879585255770063
0.18355149640354568
0.179463297060398
0.17566343473578044
0.17212533398794483
0.16882442690857075
0.16573828745215247
0.16284625900258434
0.1601293899574459
0.1575705110713245
0.15515391953536417
0.15286565288942633
0.15069336281877038
0.14862604530752488
0.14665386021562
0.14476877812539699
0.14296344209286257
0.14123145957517097
0.13956661746188584
0.1379653866380199
0.1364228024616962
0.1349350331309616
0.13349862935666443
0.1321105337232823
0.13076799918567256
0.12946837271498696
0.128210092438156
0.12698903730821795
0.12580466945876964
0.12465488676824259
0.12353820976061528
0.12245285548255241
0.12139734721854728
0.12037025187013217
0.11937022514905293
0.11839600767419291
0.11744654614271759
0.11652034250356623
0.11561655924025219
