0.9647631583825726
0.9268360071262898
0.8888990129441776
0.8546239686439023
0.8236569225698824
0.7955159108584153
0.7698060953614416
0.7462053383402004
0.7244547420557279
0.7043435312065336
0.685688929606205
0.6683434365224734
0.6521782932595888
0.6370822001956864
0.622960046138771
0.6097279962528359
0.5973070499559895
0.5856338927248587
0.5746497233036324
0.5643024909495108
0.5545441129123624
0.5453326569507894
0.5366281551209825
0.528398755232975
0.5206116485810497
0.5132387958210191
0.5062521467784129
0.499629308324078
0.49334866387795673
0.48739020787990595
0.4817360117950952
0.47636905292878495
0.4712749359379138
0.46643986835857526
0.46231648389711155
0.4600301384257009
0.45784498984256117
0.45574982817927606
0.45373487294529374
0.451792000452244
0.4499130517424192
0.44809203029682504
0.4463233478570823
0.44460220020418384
0.4429244235414191
0.4412864168423318
0.43968473255076596
0.43811743177141993
0.4365820630693598
0.4350765100640607
