0.9295263167651454
0.85367201425258
0.7777980258883553
0.7092479372878056
0.6473138451397649
0.5910318217168307
0.5396121907228836
0.4924106766804008
0.44890948411145554
0.40868706241306674
0.37137785921241007
0.3366868730449476
0.3043565865191775
0.27416440039137313
0.24592009227754197
0.21945599250567172
0.1946140999119791
0.1712677854497177
0.14929944660726502
0.1286049818990216
0.10908822582472455
0.09066531390157861
0.07325631024196522
0.05679751046594961
0.04122329716209938
0.026477591642038334
0.01250429355682614
0.0
0.0
0.0
0.0
0.0
0.0
0.0
0.0
0.0
0.0
0.0
0.0
0.0
0.0
0.0
0.0
0.0
0.0
0.0
0.0
0.0
0.0
0.0
