0.3583551156283982
0.5581973349478457
0.6750630028835306
0.7426635690439408
0.7793957294551421
0.7961877656205507
0.7998753220791092
0.7948874976763726
0.7841687150899177
0.7697128801388067
0.7528892993685184
0.7346471233407681
0.7156483995598935
0.6963547658787532
0.677088522066436
0.6580717538480914
0.6394559639931295
0.6213415527785657
0.6037921233302961
0.5868451586574442
0.5705186281712843
0.5548171679506547
0.5397364048262527
0.5252636879484792
0.5113821587371622
0.4980726291153335
0.48531312265945814
0.4730827790180966
0.4613577841140272
0.4501152384196566
0.4393316819993425
0.4289875392203944
0.41905990334884613
0.4095271236564542
0.4003719603987996
0.39157493026760726
0.3831155439435368
0.37498156739670213
0.367153363340385
0.3596161047308832
0.35235821886778174
0.3453618801202103
0.33861860610038896
0.33211356316575236
0.32583600049457845
0.3197749296947685
0.313921336018186
0.3082639899912326
0.3027932484803765
0.29750300939766233
