0.0
0.11639466989569253
0.3501260057670611
0.4853271380878813
0.5587914589102844
0.5923755312411008
0.5997506441582181
0.5897749953527456
0.5683374301798356
0.5394257602776134
0.5057785987370365
0.46929424668153596
0.4312967991197862
0.39270953175750645
0.3541770441328722
0.316143507696183
0.2789119279862592
0.24268310555713124
0.2075842466605924
0.17369031731488832
0.14103725634256847
0.10963433590130855
0.07947280965250564
0.05052737589695899
0.02276431747432417
0.0
0.0
0.0
0.0
0.0
0.0
0.0
0.0
0.0
0.0
0.0
0.0
0.0
0.0
0.0
0.0
0.0
0.0
0.0
0.0
0.0
0.0
0.0
0.0
0.0
