0
0.09280268866446448
0.19573498690866584
0.2107079837519046
0.19940506880489167
0.18011051524414154
0.1592684778476521
0.13928964350551576
0.12103048246571829
0.10470814337622919
0.0902742529287285
0.07757596787951218
0.06642826622000443
0.05664550784770336
0.04805551443491838
0.04050392324652969
0.033855319152082425
0.027992070466718415
0.022812513394907356
0.018229144018168702
0.014166545624512736
0.010559822896533153
0.007353124582663644
0.004498081708260073
0.0019527350586762068
0
0
0
0
0
0
0
0
0
0
0
0
0
0
0
0
0
0
0
0
0
0
0
0
0
