0.33351059110145304
0.5416564419437734
0.45865387731259216
0.3649159476670093
0.2894867997143462
0.23153255325279518
0.186900750051431
0.15206908897417884
0.12447651941588221
0.1023091523698491
0.0842759651849731
0.06944401764207823
0.057127314752264825
0.04681386623951919
0.038114648767064385
0.030730073162400805
0.02442585947159708
0.019018202558763218
0.014358760411819703
0.010328906585698376
0.006831928470847805
0.0037885128506723507
0.0011331525465667338
0
0
0
0
0
0
0
0
0
0
0
0
0
0
0
0
0
0
0
0
0
0
0
0
0
0
0
