0.8514880717970246
0.8665711208566637
0.7962359813581857
0.7250121874763158
0.6588272156678421
0.598124176765329
0.5425015104330781
0.49143131355084624
0.4444191983621916
0.40100967058655484
0.360823570314584
0.32353026311080346
0.28884211998443426
0.25650869329985515
0.22631190913010402
0.19805970583788424
0.17158353001609816
0.1467331473687118
0.12337554020964686
0.10138414660384831
0.08066773356290075
0.06112276226782709
0.04266281838529057
0.025217789534209445
0.008701237907323078
0.0
0.0
0.0
0.0
0.0
0.0
0.0
0.0
0.0
0.0
0.0
0.0
0.0
0.0
0.0
0.0
0.0
0.0
0.0
0.0
0.0
0.0
0.0
0.0
0.0
