1.479605666606951
0.9098643848809017
0.6116283468628453
0.44247564828962577
0.3350336048779625
0.2614120931183624
0.20825175655472594
0.1683791729780229
0.13760451378861077
0.11331162084859674
0.09379082517023513
0.0778747054253688
0.06474036160160684
0.05379115180141528
0.04458500682493861
0.036787564945540516
0.03014158956887361
0.024446150104837912
0.019542395944588082
0.015302046750824303
0.011624606000915272
0.008424931042818646
0.0056339351483236455
0.00319536663509087
0.0010593520197980633
0
0
0
0
0
0
0
0
0
0
0
0
0
0
0
0
0
0
0
0
0
0
0
0
0
