0.9497428084499396
0.9320010147366579
0.8946125709425119
0.8590750413031728
0.8265581871006117
0.796899453995763
0.769784684290333
0.7449099116182428
0.7220153543151258
0.7008729030568106
0.681296485534943
0.663120092885989
0.6462055930973329
0.6304326974159127
0.6156962311690761
0.6019035237410115
0.5889733256432798
0.5768340055371988
0.5654212279992695
0.5546738600693958
0.5445486777367581
0.534995794627452
0.5259737599619161
0.5174489188336707
0.5093789327974123
0.5017371446467526
0.49449615685231496
0.48762962214060085
0.4811145871707942
0.47492975867773823
0.46905552378821597
0.4634803040625023
0.45816890726460135
0.45312547426951383
0.4483299151388931
0.443769183108605
0.4394330027390949
0.4360816276433507
0.43364306103103484
0.43129879957253825
0.42904063344845045
0.4268585042183934
0.4247444134110082
0.4226914130804274
0.4206928914370821
0.4187435737375663
0.41683858475728913
0.4149737545268122
0.4131450285393933
0.4113494411348633
