0.8994856168998797
0.8640020294733158
0.7892251418850245
0.7181500826063455
0.6531163742012228
0.5937989079915267
0.539569368580666
0.48981982323648543
0.4440307086302514
0.40174580611362143
0.3625929710698863
0.3262401857719782
0.2924111861946659
0.2608653948318247
0.23139246233815225
0.20380704748202294
0.17794665128655907
0.15366801107439787
0.1308424559985396
0.10934772013879168
0.08909735547351583
0.06999158925490434
0.05194751992383195
0.034897837667341225
0.018757865594824508
0.00347428929350474
0.0
0.0
0.0
0.0
0.0
0.0
0.0
0.0
0.0
0.0
0.0
0.0
0.0
0.0
0.0
0.0
0.0
0.0
0.0
0.0
0.0
0.0
0.0
0.0
