1.6420203065736994
0.951420242841557
0.6327154986495175
0.45629685705164313
0.34527327275347025
0.2695360476320205
0.2149760886074727
0.17410269537048592
0.1425722031015511
0.11768652190192803
0.09768755299161147
0.08137488186896859
0.06790637166768393
0.05667202573855685
0.047219711900240845
0.039207692896249396
0.032373381605386026
0.02651167600981029
0.021460256730855175
0.017088110575941725
0.013292811729843793
0.009987389642483009
0.007101320393847153
0.004577133602708016
0.002363693291683084
0.0004211404910247814
0
0
0
0
0
0
0
0
0
0
0
0
0
0
0
0
0
0
0
0
0
0
0
0
