0.7463904739488693
0.8611951321709519
0.8048190994048916
0.7357181110064229
0.6689108362091414
0.6067480915931165
0.5494226529244566
0.4966268102339088
0.4479452824773478
0.40296961338434467
0.3613247484631277
0.3226784137784259
0.28673741123105145
0.2532437405461339
0.2219710457902322
0.19271910633004163
0.165311115253568
0.13959014884881893
0.11541538041323646
0.09266370231055093
0.07122243656075267
0.05099117115207802
0.03187886435178877
0.01380455235093897
0.0
0.0
0.0
0.0
0.0
0.0
0.0
0.0
0.0
0.0
0.0
0.0
0.0
0.0
0.0
0.0
0.0
0.0
0.0
0.0
0.0
0.0
0.0
0.0
0.0
0.0
