1.2377953417315795
0.8509354208025234
0.5850044172399466
0.4263580275812348
0.32369222432069916
0.2527031566869895
0.2011893568234138
0.16244188192034884
0.13248445200813735
0.10881748964359271
0.08979243100115998
0.07427994862962972
0.061481098264625895
0.050815734123415515
0.041852831437304984
0.03426600846944594
0.027803978924505625
0.022270367566187173
0.017509536792776653
0.013397420037253083
0.009833222586044554
0.00673484186163065
0.004034622698539195
0.001676654222035801
0
0
0
0
0
0
0
0
0
0
0
0
0
0
0
0
0
0
0
0
0
0
0
0
0
0
