0.3583550813234221
0.5581974234137279
0.6750630885895456
0.742663597695606
0.7793957259642471
0.79618771061279
0.7998752121111585
0.7948874488239668
0.7841687151713757
0.769712904523157
0.7528897280158514
0.7346459541422186
0.7156488297486511
0.6963544289945822
0.6770870793393065
0.6580700751155535
0.6394543970701573
0.6213398512723181
0.6037920824563623
0.5868450694419466
0.5705185101948017
0.5548171418729629
0.5397341391719628
0.5252609791608193
0.5113795260627421
0.4980702455521477
0.48531132847514086
0.47308278651646446
0.46135780237283935
0.45011526708625466
0.4393313827860734
0.4289876801127379
0.41905891063985407
0.40952773766663286
0.4003719705779651
0.39157445364072774
0.3831157862026619
0.3749804248691562
0.36715286211972736
0.35961697815757987
0.3523577446826981
0.34536332769551664
0.33861876585138206
0.33211366158410915
0.3258359997931796
0.31977532123028996
0.31392045574313815
0.30826314078775874
0.30279319981268216
0.2975030373922023
