0.0
0.11639484682745604
0.35012617717909045
0.4853271953912122
0.558791451928494
0.5923754212255801
0.5997504242223173
0.5897748976479339
0.5683374303427513
0.5394258090463141
0.505779456031703
0.46929190828443684
0.43129765949730253
0.3927088579891645
0.3541741586786129
0.3161401502311073
0.27890879414031455
0.2426797025446361
0.20758416491272458
0.1736901388838925
0.14103702038960386
0.10963428374592576
0.07946827834392572
0.05052195832163847
0.02275905212548407
0.0
0.0
0.0
0.0
0.0
0.0
0.0
0.0
0.0
0.0
0.0
0.0
0.0
0.0
0.0
0.0
0.0
0.0
0.0
0.0
0.0
0.0
0.0
0.0
0.0
