0
0.09280281043664465
0.1957349903284782
0.21070789571611306
0.19940490484696172
0.18011031746323924
0.15926827481014658
0.13928969691753584
0.12103054144670239
0.10470821022107109
0.09027431157459252
0.07757544337566885
0.06642834817305371
0.056645327833811335
0.048055047091151847
0.040503423056576116
0.03385488355290353
0.027991621344197738
0.02281249377889515
0.018229116685092712
0.0141665152114914
0.010559813023222757
0.007352731187007305
0.004497593553258625
0.0019522799241427486
0
0
0
0
0
0
0
0
0
0
0
0
0
0
0
0
0
0
0
0
0
0
0
0
0
