0.3583547587787295
0.5581972399965589
0.6750629368881587
0.7426634931468546
0.779395750354205
0.7961878422015423
0.7998754272444725
0.7948877746534451
0.7841690828230219
0.7697130358832024
0.752889441765476
0.7346472293793869
0.7156485474195639
0.6963548620389324
0.6770886438340687
0.6580718649399844
0.6394560740114665
0.621341652862609
0.6037922844174344
0.5868452325321729
0.5705183094844459
0.554818379480347
0.5397360171556984
0.5252597851064182
0.5113783121945906
0.4980717437686353
0.48531311848061803
0.47308276255881837
0.4613577552140755
0.4501151969260044
0.43933092420052594
0.4289867114992203
0.41906142249766987
0.40952569323760224
0.40037214779758645
0.3915783756762035
0.3831174306310785
0.37498040704632846
0.3671515660357497
0.3596159222058784
0.35235897421469103
0.3453622492010479
0.3386176632806474
0.33211334910083734
0.3258366154288884
0.3197729877701696
0.31392141104204013
0.30826268121893297
0.30279409117360706
0.2975027897118718
