0.0
0.11639447999311797
0.35012587377631743
0.48532698629370913
0.5587915007084103
0.5923756844030845
0.5997508544889448
0.5897755493068899
0.5683381656460438
0.5394260717664054
0.505778883530952
0.4692944587587742
0.4312970948391279
0.39270972407786486
0.35417728766813716
0.316143729879969
0.27891214802293296
0.24268330572521812
0.20758456883486887
0.17369046506434638
0.14103661896889153
0.10963675896069403
0.07947203431139704
0.05051957021283621
0.022756624389181135
0.0
0.0
0.0
0.0
0.0
0.0
0.0
0.0
0.0
0.0
0.0
0.0
0.0
0.0
0.0
0.0
0.0
0.0
0.0
0.0
0.0
0.0
0.0
0.0
0.0
