0
0.09280260451377263
0.19573501640365262
0.21070808185117199
0.19940521738524883
0.1801106934058423
0.15926866853507163
0.13929008901674772
0.12103069481635541
0.10470824433296455
0.0902743413702452
0.0775760340635377
0.0664283386466116
0.05664556112052083
0.04805556853259593
0.04050396735625012
0.03385535748080102
0.027992103058439546
0.022812557092957843
0.01822916593270098
0.014166468958526583
0.010560009852849793
0.00735305331576367
0.004497379449581503
0.0019520704271084142
0
0
0
0
0
0
0
0
0
0
0
0
0
0
0
0
0
0
0
0
0
0
0
0
0
