0.9634322737185333
0.9283197804894038
0.8902137515239608
0.8554984430827315
0.8240706356113144
0.7955058854471942
0.7694124353971679
0.7454697663762643
0.7234144134966801
0.7030327890794075
0.6841372954672504
0.6665768122186884
0.650219199442899
0.6349511515868179
0.6206752565625948
0.6073006151924065
0.5947526284439154
0.5829643308612005
0.57187511354957
0.5614312408606039
0.5515846549350651
0.5422903000404983
0.5335115765434455
0.5252118554096581
0.517359979057009
0.5099240782644794
0.5028793254550812
0.49620132374022613
0.4898680773653237
0.4838591424575842
0.478156278388192
0.47274222210634276
0.46760233242892396
0.4627221480472759
0.4580887166202364
0.455454665115609
0.4531445707606354
0.4509310129417302
0.4488031420990315
0.4467519782617016
0.44476942650774604
0.4428484578821229
0.4409827954292249
0.43916709281801886
0.43739665285704354
0.43566720776466766
0.4339756953771516
0.4323189378216095
0.4306941980977782
0.42909925471853816
