0.9268645474370664
0.8566395609788068
0.780427503047922
0.7109968861654641
0.6481412712226292
0.5910117708943885
0.5388248707943359
0.4909395327525286
0.4468288269933602
0.4060655781588144
0.36827459093450066
0.33315362443737656
0.30043839888579804
0.2699023031736356
0.2413505131251893
0.21460123038481282
0.18950525688783065
0.1659286617224005
0.14375022709913976
0.1228624817212074
0.10316930987013073
0.08458060008099633
0.06702315308689089
0.050423710819316514
0.03471995811401818
0.019848156528959437
0.005758650910162644
0.0
0.0
0.0
0.0
0.0
0.0
0.0
0.0
0.0
0.0
0.0
0.0
0.0
0.0
0.0
0.0
0.0
0.0
0.0
0.0
0.0
0.0
0.0
