1.8439921519904925
1.0118356768849455
0.6667400511935578
0.4799175001904057
0.36335890550134736
0.28416516241048617
0.22722053817493118
0.1845912301094501
0.1517045985722076
0.12573937093249132
0.10485464757630329
0.08780378273394136
0.07370962299601894
0.06193851325925256
0.05202171316118571
0.04360281184343464
0.03641024559751922
0.03023140547874986
0.02489780993055615
0.020274749470919787
0.01625330666017667
0.012743920524695673
0.009674191397020561
0.006982843855637866
0.004619344080268233
0.002540185117632984
0.0007097598771836312
0
0
0
0
0
0
0
0
0
0
0
0
0
0
0
0
0
0
0
0
0
0
0
