0.8731953286104762
0.9305977772725033
0.9024096401061408
0.8678591171143337
0.8344554426650991
0.803374086320465
0.7747113799601558
0.7483134158280208
0.7239726527800632
0.7014848125077214
0.6806623903769968
0.6613392193392499
0.6433687170557529
0.6266218704526841
0.6109855190265087
0.59635956246525
0.5826555589907012
0.5697950804213847
0.5577076904228307
0.5463318514810256
0.5356112196617999
0.5254955894960576
0.5159394355720646
0.5069022785075104
0.4983459758499128
0.4902376759411067
0.48254700297601016
0.4752451366604415
0.46830714589390215
0.46170981927702465
0.4554317054921121
0.4494531232628932
0.4437564282076094
0.4383244439978733
0.4331421234420012
0.42819526679120884
0.42347104121051404
0.418957414456143
0.41464291271488773
0.4105176957550256
0.4065708224142513
0.40279605469975704
0.3991839036294072
0.3957267568534534
0.39241761267286157
0.3892501036051847
0.3862184220990902
0.3833169113141583
0.38054164362172477
0.3778875383642741
