0.7463906572209528
0.8611955545450063
0.8048192802122818
0.7357182342286671
0.6689108853301979
0.6067481726409298
0.5494227599203124
0.4966268316560415
0.4479453055601267
0.4029696250154424
0.36132478075399366
0.3226784386784991
0.2867374341115059
0.25324374090536805
0.22197103805301716
0.19271912493050014
0.16531111798140202
0.13959016084276965
0.11541538084566233
0.09266370296205134
0.07122243932359984
0.05099117899211464
0.03187887114412952
0.013804557015020702
0.0
0.0
0.0
0.0
0.0
0.0
0.0
0.0
0.0
0.0
0.0
0.0
0.0
0.0
0.0
0.0
0.0
0.0
0.0
0.0
0.0
0.0
0.0
0.0
0.0
0.0
