0.9257440358985125
0.933285560428332
0.8981179906790928
0.862506093738158
0.8294136078339212
0.7990620883826647
0.771250755216539
0.7457156567754231
0.7222095991810957
0.7005048352932775
0.6804117851572922
0.661765131555402
0.6444210599922171
0.6282543466499275
0.613155954565052
0.5990298529189421
0.5857917650080493
0.5733665736843556
0.5616877701048235
0.5506920733019242
0.5403338667814502
0.5305613811339134
0.5213314091926453
0.5126088947671048
0.504350618953662
0.4965259123023763
0.48911438965603726
0.48208043444226945
0.47540288702985267
0.4690596694811851
0.46303041928214583
0.45729652163227663
0.45184100288975515
0.4466482239964167
0.44170375082226865
0.43699402136147064
0.4325076577729254
0.4282333846188221
0.42416106559989
0.4202810805453484
0.416585344097926
0.41356883326539406
0.41130595141804016
0.4091159221387572
0.4069916122690552
0.4049257562917567
0.40291266333897824
0.40094802870268875
0.39902452629578883
0.3971392174645222
