0.3076755976075032
0.42408382982666465
0.4667188873472084
0.47823265449612484
0.47596589947280793
0.4674388540629676
0.4561161446852454
0.44368044052452893
0.43098198016660416
0.41845825094304034
0.40633218328603776
0.3947122739895584
0.38364298804077523
0.3731332938937945
0.36317223918568325
0.3537382847454669
0.3448038870748114
0.33633970883563563
0.32831577431083286
0.32070264409755356
0.3134723300621274
0.30659820486507516
0.3000554689413869
0.2938209400508706
0.28787327763229226
0.2821927434901669
0.27676120175755015
0.2715618571231627
0.2665792368259011
0.2617993603826089
0.2572093160190779
0.25279779994293916
0.24855246146816676
0.24446386413994323
0.24052223555327895
0.23672003835162334
0.23304906908350217
0.22950163404329033
0.22607103995682687
0.2227507961676478
0.2195360164918028
0.21642071788327044
0.21339943564079047
0.210468620114317
0.20762323036989808
0.20485931593460105
0.2021731684169971
0.1995612606306106
0.19702122346683779
0.1945483671658725
