0.007912459606216449
0.0076800639521106785
0.0074582917758307474
0.007246459046759391
0.007043953876823415
0.006850216643540568
0.006664729562141633
0.006487011892981165
0.006316620465206592
0.00615314262179015
0.005996191575575276
0.005845418726970752
0.005700493429352075
0.005561102403409058
0.005426959508879159
0.005297793931131579
0.005173351324677254
0.005053403209072624
0.00493772830894652
0.004826114460321324
0.004718368075332301
0.004614321411536739
0.004513778242673422
0.004416586915670882
0.0043226021478650735
