0.29328636203868996
0.38145876657289024
0.40096931765631616
0.39723964441333526
0.38567131929597337
0.3717813432333946
0.3576588524246572
0.3441082606840272
0.3314180227712661
0.31965924677486646
0.30881058018908214
0.29881346647198936
0.28959661370624734
0.2810874379601142
0.27321699632913155
0.2659224989314196
0.25914590649512237
0.2528367202507401
0.2469494748915068
0.24144388109119783
0.23628386822450706
0.2314375729230275
0.22687655816174904
0.22257534898938483
0.2185112257013576
0.2146637825792998
0.21101469324568867
0.20754741408364474
0.20424697234513758
0.20110003759208314
0.19809433730861334
0.19521915038399734
0.192463816216833
0.1898197154279719
0.1872785598664496
0.18483276784449265
0.182475524374129
0.18020054894371382
0.1780022356564026
0.17587522980045403
0.17381546017502814
0.17181820301815995
0.1698794242187571
0.16799609549694997
0.1661646748177832
0.16438220342965856
0.1626460332160794
0.1609537125600454
0.15930434212514122
0.15769315435855866
