0.48324130081228894
0.34459681467644265
0.2587087466605705
0.20261187195711775
0.16395326301385568
0.1360751431372132
0.11521684387693924
0.09913813970807428
0.08643758084191432
0.07620024192131679
0.06780667531192543
0.06082436054506843
0.05494303366481184
0.04993495517372461
0.045629574510216146
0.041896942277150795
0.038636245023986625
0.035768543106291587
0.03323100328746799
0.030973137670041714
0.028953903424999608
0.027139697694306
0.0255027398591524
0.02401988027718471
0.02267171008148431
0.02144183577929704
0.02031633414903093
0.01928330314696638
0.01833251812319916
0.017455173090522937
0.016643621995739613
0.015891327760416744
0.015192233183621139
0.014541331937715986
0.013934050168539512
0.013366606219106462
0.012835374961871355
0.012337155996998193
0.011869278691151886
0.011429168174001537
0.011014617417994567
0.01062354443908641
0.01025416871211515
0.009904899993651827
0.00957418753948616
0.009260699005859315
0.00896321534006751
0.008680623130274795
0.008411911548113065
0.00815613929043893
