0.8731952369744345
0.9305975660854761
0.9024095497024457
0.8678590555032116
0.8344554181045708
0.8033740457965584
0.7747113264622278
0.7483134051169544
0.7239726412386738
0.7014848066921726
0.6806623742315638
0.6613392068892132
0.6433687056155257
0.626621870273067
0.6109855228951162
0.5963595531650208
0.5826555576267842
0.5697950744244094
0.5577076902066178
0.5463318511552754
0.5356112182803764
0.5254955855760393
0.5159394321758942
0.5069022761754695
0.4983459726119728
0.49023767471249446
0.48254700316266125
0.47524513684426123
0.4683071457325782
0.4617098191159529
0.4554317045975569
0.44945312301763485
0.44375642797301007
0.43832444291986516
0.433142122562071
0.42819526691490617
0.4234710404636572
0.4189574142844069
0.4146429124232496
0.41051769522015497
0.40657082222913715
0.40279605421275116
0.3991839034511959
0.3957267569152816
0.3924176123541224
0.38925010340556554
0.38621842218046454
0.38331691111775423
0.3805416436642587
0.3778875382448744
