1.9135357392482972
1.0359866925149668
0.6812432138744741
0.49030548484821634
0.3714486622891104
0.2907687644354741
0.23277716899243042
0.18936389449662538
0.15586604452811564
0.12940936239708806
0.1081198550002614
0.09072984610900334
0.0763474514077953
0.06432799968587655
0.054195202018533194
0.045588830869998445
0.03823017900537497
0.03190390036856585
0.026438969799020905
0.021698626576534288
0.017571635731658604
0.013967674937877464
0.010811580079616237
0.008042445296436782
0.005608025537091526
0.003464967399790299
0.0015759010785236982
0
0
0
0
0
0
0
0
0
0
0
0
0
0
0
0
0
0
0
0
0
0
0
