1.914149595407295401e-01
1.892062276424286982e-01
1.870464912405065405e-01
1.849341763584038123e-01
1.828679891404985658e-01
1.808477501963889622e-01
1.788693795974206358e-01
1.769327008253922251e-01
1.750354831555671897e-01
1.731797845660983659e-01
1.713614683494187607e-01
1.695806617222779256e-01
1.678350925194523058e-01
1.661238249813478396e-01
1.644452387496443402e-01
1.628033341055049876e-01
1.611906309905873080e-01
1.596098855902960967e-01
1.580585429907577499e-01
1.565368713891630015e-01
