2.490960494808470149e-01
2.454329263610330047e-01
2.418728471085570819e-01
2.384087393615648698e-01
2.350390890521016907e-01
2.317596523701944689e-01
2.285669753832876294e-01
2.254581856485805280e-01
2.224313000586945754e-01
2.194805413403934646e-01
2.166048887571737358e-01
2.138001642330828178e-01
2.110659424847123600e-01
2.083991928159499296e-01
2.057959346341919904e-01
2.032546953464798023e-01
2.007751298624769476e-01
1.983523479154042646e-01
1.959862308622863925e-01
1.936746220311682254e-01
