0.000000000000000000e+00
1.163948468274560444e-01
3.501261771790904476e-01
4.853271953912122183e-01
5.587914519284939985e-01
5.923754212255800677e-01
5.997504242223172799e-01
5.897748976479338934e-01
5.683374303427513041e-01
5.394258090463140976e-01
5.057794560317030452e-01
4.692919082844368428e-01
4.312976594973025324e-01
3.927088579891644948e-01
3.541741586786129048e-01
3.161401502311073086e-01
2.789087941403145532e-01
2.426797025446361111e-01
2.075841649127245780e-01
1.736901388838925087e-01
1.410370203896038621e-01
1.096342837459257646e-01
7.946827834392572454e-02
5.052195832163847156e-02
2.275905212548406942e-02
0.000000000000000000e+00
0.000000000000000000e+00
0.000000000000000000e+00
0.000000000000000000e+00
0.000000000000000000e+00
0.000000000000000000e+00
0.000000000000000000e+00
0.000000000000000000e+00
0.000000000000000000e+00
0.000000000000000000e+00
0.000000000000000000e+00
0.000000000000000000e+00
0.000000000000000000e+00
0.000000000000000000e+00
0.000000000000000000e+00
