3.523577446826980930e-01
3.453633276955166420e-01
3.386187658513820642e-01
3.321136615841091544e-01
3.258359997931796204e-01
3.197753212302899550e-01
3.139204557431381493e-01
3.082631407877587382e-01
3.027931998126821567e-01
2.975030373922022964e-01
2.923822701569990801e-01
2.874259056019049519e-01
2.826256719222381419e-01
2.779749317456383650e-01
2.734675754122289359e-01
2.690955949150517501e-01
2.648555914499976516e-01
2.607404476886829303e-01
2.567454452453766245e-01
2.528667587747567835e-01
