0.000000000000000000e+00
9.280281043664465046e-02
1.957349903284781867e-01
2.107078957161130639e-01
1.994049048469617169e-01
1.801103174632392445e-01
1.592682748101465762e-01
1.392896969175358435e-01
1.210305414467023888e-01
1.047082102210710880e-01
9.027431157459252231e-02
7.757544337566885106e-02
6.642834817305370843e-02
5.664532783381133474e-02
4.805504709115184653e-02
4.050342305657611552e-02
3.385488355290353080e-02
2.799162134419773754e-02
2.281249377889514943e-02
1.822911668509271180e-02
1.416651521149140010e-02
1.055981302322275654e-02
7.352731187007304978e-03
4.497593553258624928e-03
1.952279924142748561e-03
0.000000000000000000e+00
0.000000000000000000e+00
0.000000000000000000e+00
0.000000000000000000e+00
0.000000000000000000e+00
0.000000000000000000e+00
0.000000000000000000e+00
0.000000000000000000e+00
0.000000000000000000e+00
0.000000000000000000e+00
0.000000000000000000e+00
0.000000000000000000e+00
0.000000000000000000e+00
0.000000000000000000e+00
0.000000000000000000e+00
