0.925744227957162
0.9332858107985229
0.8981181344123231
0.8625062397667564
0.8294136213517488
0.7990621622185903
0.7712508474995858
0.7457156926391514
0.7222096358925175
0.7005048334364788
0.6804118043324701
0.6617651538026635
0.6444210799785526
0.6282543584853959
0.6131559536150533
0.5990298648270687
0.5857917700517443
0.5733665780524716
0.5616877757821294
0.5506920759039049
0.5403338649206043
0.5305613834876892
0.5213314104979178
0.51260889640935
0.5043506228432386
0.4965259147576648
0.4891143915993442
0.48208043440648896
0.47540288755281374
0.4690596700061611
0.46303041966930636
0.4572965222460705
0.4518410040995469
0.44664822513590785
0.44170375064955936
0.43699402125547915
0.43250765875594654
0.4282333848107902
0.42416106600780634
0.42028108037841133
0.4165853440088423
0.4135688336207154
0.41130595174395934
0.4091159222468106
0.40699161232564535
0.40492575649901397
0.4029126635706459
0.4009480287914627
0.3990245263920451
0.3971392175487539
