0.9257442184601248
0.9332841067490566
0.8981181106292803
0.8625062666643066
0.8294133342371638
0.7990621757231241
0.7712507297524831
0.745715691912447
0.7222094536055494
0.7005047954087431
0.6804117017267242
0.6617651601545769
0.644421083484549
0.6282543040949076
0.6131559357457395
0.5990298676270898
0.5857917692487629
0.5733665522456105
0.5616877741407705
0.5506920725471144
0.5403338543841825
0.530561383062017
0.5213314073682123
0.5126088945530367
0.5043506235216654
0.4965259149102458
0.48911439180629235
0.4820804338597547
0.4754028797253278
0.46905966970676893
0.4630304182375637
0.457296515983304
0.4518409995236231
0.44664821882534117
0.44170374963655823
0.4369940209490462
0.4325076589231317
0.4282333840505606
0.4241610659268947
0.42028108002385955
0.41658534281155746
0.41356883368509917
0.4113059518083761
0.4091159221666864
0.40699161164503295
0.40492575654120655
0.4029126636433443
0.4009480281409217
0.3990245263655331
0.3971392169157692
