0.851488436920249
0.866568213498113
0.7962362212585605
0.725012533328613
0.6588266684743275
0.5981243514462479
0.5425014595049663
0.49143138382489415
0.4444189072110991
0.4010095908174861
0.3608234034534478
0.3235303203091533
0.2888421669690979
0.2565086081898153
0.2263118714914789
0.19805973525417975
0.17158353849752528
0.14673310449122162
0.1233755482815409
0.10138414509422877
0.08066770876836515
0.06112276612403411
0.042662814736424526
0.025217789106073196
0.008701247043329863
0.0
0.0
0.0
0.0
0.0
0.0
0.0
0.0
0.0
0.0
0.0
0.0
0.0
0.0
0.0
0.0
0.0
0.0
0.0
0.0
0.0
0.0
0.0
0.0
0.0
