1.4796069996114634
0.9098630524017566
0.6116279153147849
0.4424759096934575
0.3350335647600188
0.2614121772541759
0.2082517762340846
0.16837914069943063
0.13760449183394527
0.11331159717343618
0.09379079381264976
0.07787471678631432
0.06474036082407186
0.05379115108733821
0.044584996130507024
0.036787562955498745
0.030141578449313026
0.02444615018615577
0.01954239728595733
0.015302048381719766
0.011624602443591004
0.008424929642066988
0.005633935728595142
0.0031953675763178872
0.0010593498252642573
0
0
0
0
0
0
0
0
0
0
0
0
0
0
0
0
0
0
0
0
0
0
0
0
0
