1.237795482936323
0.8509353281668761
0.5850044279926894
0.4263580994674049
0.3236922725652306
0.25270319838052646
0.20118936095938494
0.16244187539860463
0.1324844472244036
0.10881749626197934
0.08979243565733883
0.07427995453729656
0.06148110228760375
0.05081573830276678
0.04185283611421755
0.03426601115403025
0.02780398027644066
0.022270368995011572
0.01750953939809989
0.013397421517968466
0.009833223855005542
0.006734842656933247
0.004034622390424987
0.0016766541236139575
0
0
0
0
0
0
0
0
0
0
0
0
0
0
0
0
0
0
0
0
0
0
0
0
0
0
