0.8514884559143238
0.8665716215970455
0.7962362688246464
0.7250124795335127
0.6588272427034975
0.5981243244371801
0.5425016949991719
0.4914313852783029
0.44441927178503515
0.40100966687295747
0.3608236086649397
0.32353030760532664
0.28884215995710527
0.25650871697079186
0.22631190723010652
0.19805972965413754
0.17158354010348814
0.14673315610494375
0.12337555156425861
0.1013841518078098
0.08066772984120885
0.06112276697537877
0.04266282099583546
0.025217792818699847
0.0087012456864764
0.0
0.0
0.0
0.0
0.0
0.0
0.0
0.0
0.0
0.0
0.0
0.0
0.0
0.0
0.0
0.0
0.0
0.0
0.0
0.0
0.0
0.0
0.0
0.0
0.0
