1.4796072033872043
0.9098642387518278
0.6116283053178935
0.44247584773677845
0.3350336299352463
0.26141216370784587
0.20825182787682453
0.16837917415994375
0.13760450690540946
0.11331161724700306
0.09379082947303609
0.07787471548655685
0.06474036498152462
0.053791151505885676
0.044585005265020114
0.036787564476356706
0.030141590090801383
0.024446151402201206
0.01954239784305011
0.015302048197684956
0.011624606596593597
0.00842493116536674
0.005633935789127064
0.0031953674997826343
0.0010593525229611173
0
0
0
0
0
0
0
0
0
0
0
0
0
0
0
0
0
0
0
0
0
0
0
0
0
