0.6089985916690561
0.8182817292883042
0.8747525954528683
0.8746025380853838
0.8546748508067523
0.8282629018799081
0.8002814106591236
0.7726557176752067
0.7461565781120896
0.721072295713169
0.6974767949106286
0.675345305321705
0.6546075618627872
0.6351770051456437
0.6169610740876849
0.5998687381896897
0.5838116738694398
0.568711927408893
0.5544918544037412
0.541083733133163
0.528424877536472
0.5164581509875338
0.5051314696692751
0.49439737929335764
0.4842127624832681
0.4745379757963534
0.4653368611976692
0.4565768831318502
0.44822774841863067
0.4402618396228374
0.43265379778712676
0.4253800904865782
0.4184198052271054
0.4117529415806104
0.4053612735783617
0.39922765488128853
0.3933371145039283
0.3876752462012559
0.38222817483014593
0.3769836938511367
0.3719302745159254
0.36705718922268854
0.36235443989715416
0.3578127025805164
0.3534233653811027
0.34917793723519613
0.34506942391171086
0.341090263457393
0.3372336226256253
0.33349368952971725
