0.21799718333811263
0.6365634585766088
0.7495051909057368
0.7492050761707674
0.7093497016135046
0.6565258037598162
0.6005628213182471
0.5453114353504134
0.492313156224179
0.4421445914263381
0.3949535898212575
0.35069061064340973
0.30921512372557425
0.2703540102912875
0.23392214817536894
0.19973747637937966
0.16762334773887982
0.13742385481778557
0.10898370880748254
0.08216746626632604
0.056849755072943875
0.03291630197506801
0.010262939338550603
0.0
0.0
0.0
0.0
0.0
0.0
0.0
0.0
0.0
0.0
0.0
0.0
0.0
0.0
0.0
0.0
0.0
0.0
0.0
0.0
0.0
0.0
0.0
0.0
0.0
0.0
0.0
