0.8731951263507097
0.9305968113869967
0.9024088769766611
0.867859097424298
0.8344551794963895
0.8033738099634453
0.7747112628928301
0.7483132946922065
0.7239726416463506
0.7014847931174844
0.6806623891867634
0.6613392170171177
0.6433686537088548
0.6266218119164959
0.610985500434307
0.5963595656495086
0.5826555310204379
0.5697950416162357
0.5577076887992819
0.5463318411769648
0.5356112160980124
0.525495590792467
0.5159394143894322
0.506902266011568
0.4983459620240643
0.4902376645468454
0.48254699666491807
0.47524513681676783
0.4683071453032995
0.46170981606701644
0.45543170516157305
0.449453122033003
0.44375642594843684
0.43832444414251975
0.43314212352870707
0.428195265533441
0.42347104130057717
0.4189574145084608
0.41464291079753246
0.4105176958202544
0.40657082101672437
0.4027960548251986
0.39918390196130504
0.39572675634724847
0.39241761272303305
0.3892501036021605
0.3862184216722203
0.3833169101449605
0.38054164342978736
0.377887537586381
