0.7463902527014197
0.8611936227739933
0.8048177539533223
0.7357181948485958
0.6689103589927788
0.6067476199268904
0.5494225257856611
0.49662658938441295
0.44794528329270145
0.40296958623496815
0.36132477837352667
0.3226784340342348
0.2867373074177095
0.2532436238329916
0.22197100086861377
0.1927191312990173
0.16531106204087542
0.1395900832324718
0.11541537759856463
0.09266368235392963
0.07122243219602475
0.050991181584933376
0.03187882877886494
0.013804532023135974
0.0
0.0
0.0
0.0
0.0
0.0
0.0
0.0
0.0
0.0
0.0
0.0
0.0
0.0
0.0
0.0
0.0
0.0
0.0
0.0
0.0
0.0
0.0
0.0
0.0
0.0
