0.7739472294659537
0.9092297977744191
0.9040600708765154
0.8753925414518753
0.8433125740567438
0.8120001691952612
0.7825019893406344
0.7550329363692352
0.729547293095778
0.7059149332274858
0.6839838138960466
0.6636034550268464
0.6446329880569994
0.6269444451497885
0.6104224095858347
0.5949638034348864
0.5804761489645436
0.5668758982281551
0.5540911958502723
0.5420555696850163
0.5307079950352037
0.5199956194221207
0.5098699899866757
0.5002873264337674
0.4912080414011245
0.48259613698056325
0.4744189670493101
0.4666462373825945
0.4592511077073292
0.4522084276153777
0.445495304506284
0.4390906978914041
0.43297525985438046
0.4271311735507305
0.4215419355824124
0.41619236511829083
0.4110682304512493
0.40615617364182344
0.4014444158001637
0.396922265168266
0.3925786366908908
0.3884037098412582
0.3843883092406714
0.38052385958436796
0.37680235412849117
0.3732162373962822
0.3697581034392715
0.36642218233386326
0.3632012597606295
0.36008970351907116
