0.5478944589319077
0.8184595955488375
0.8081201417530307
0.7507850829037505
0.6866251481134877
0.6240003383905226
0.5650039786812685
0.5100658727384704
0.45909458619155596
0.4118298664549711
0.36796762779209363
0.3272069100536931
0.2892659761139983
0.2538888902995773
0.2208448191716701
0.18992760686977272
0.16095229792908716
0.13375179645631058
0.10818239170054411
0.08411113937003223
0.06141599007040771
0.03999123884424155
0.01973997997335164
0.0005746528675351081
0.0
0.0
0.0
0.0
0.0
0.0
0.0
0.0
0.0
0.0
0.0
0.0
0.0
0.0
0.0
0.0
0.0
0.0
0.0
0.0
0.0
0.0
0.0
0.0
0.0
0.0
