0.8721370781858258
0.7504780366555652
0.5450093958031523
0.40523736477192046
0.3104014310649726
0.2433218953687954
0.19402516036974435
0.1566587924452182
0.12762782249010718
0.1046192447111445
0.0860847505260432
0.07095188013923004
0.05845586981340359
0.04803811410252056
0.03928167603016285
0.03186972884646689
0.025557626585530062
0.020153423857118546
0.015505954563428171
0.01149332181641441
0.008016589314035183
0.004995439025406005
0.0023635866558609727
6.605620619591418e-05
0
0
0
0
0
0
0
0
0
0
0
0
0
0
0
0
0
0
0
0
0
0
0
0
0
0
