0.965024602693454
0.9256276501608094
0.88795998583855
0.8540992106847162
0.8235347335644472
0.7957615531822404
0.7703757388250343
0.7470632137022677
0.7255671305943852
0.7056813580306394
0.6872261093066264
0.6700570682251927
0.6540490349651211
0.6390935624393527
0.6250967781377064
0.6119750692148007
0.5996586802885753
0.5880775266245404
0.577176283782932
0.5669038597492102
0.5572146470491866
0.548065835217969
0.5394205995923285
0.5312444454428867
0.523505328602407
0.5161778617297075
0.5092352759562316
0.50265276073
0.4964101733381573
0.49048803575580535
0.4848684108924054
0.47953470415614546
0.4744727237893892
0.46966882042248687
0.46584209474091476
0.46366253660499845
0.4615788082680984
0.4595805904833306
0.45765840779278255
0.4558045221059495
0.4540119873117403
0.4522750853927851
0.45058862529665356
0.44894834399378136
0.44735040692872824
0.44579163666503296
0.44426932567666505
0.44278082993614143
0.441325086900283
0.43990028334113696
