0.9300492053869077
0.8512553003216187
0.7759199716770999
0.7081984213694323
0.6470694671288941
0.5915231063644805
0.5407514776500686
0.494126427404535
0.45113426118876976
0.4113627160612783
0.37445221861325256
0.34011413645038496
0.30809806993024225
0.2781871248787048
0.25019355627541295
0.2239501384296016
0.19931736057715088
0.17615505324908065
0.15435256756586374
0.13380771949842074
0.11442929409837249
0.09613167043593779
0.07884119918465737
0.062488890885773474
0.0470106572048139
0.032355723459414565
0.018470551912463384
0.005305521459999685
0.0
0.0
0.0
0.0
0.0
0.0
0.0
0.0
0.0
0.0
0.0
0.0
0.0
0.0
0.0
0.0
0.0
0.0
0.0
0.0
0.0
0.0
