1.9716050270407528
1.0576210544845532
0.6945729591296398
0.4999682857233166
0.37901701423479295
0.29697019221335325
0.23800248178248715
0.19385603222518233
0.15978432207357257
0.13286472057504634
0.11119358304061952
0.09348300672857743
0.07882784957851707
0.06657377630295545
0.056236832018827176
0.04745081318090926
0.03993576766321453
0.033469895452555055
0.02788036535680227
0.02302829246602901
0.01880122382301668
0.015106814609952331
0.011869506073378083
0.009026236696018352
0.006524038127029599
0.004319503297255656
0.0023747879910304506
0.0006576407826721088
0
0
0
0
0
0
0
0
0
0
0
0
0
0
0
0
0
0
0
0
0
0
