1.2377927796452164
0.850934353028375
0.5850043340179718
0.42635807224713923
0.32369191739482184
0.25270294488156514
0.20118923225160823
0.16244185344058348
0.13248441026400443
0.10881749025999507
0.08979243316879779
0.07427995376883999
0.061481100805878826
0.050815736400530685
0.04185283697488593
0.0342659932232018
0.027803979874025886
0.022270360756537384
0.01750953508215935
0.013397412409643974
0.009833224264899498
0.006734838395381639
0.004034620518535589
0.0016766520454018848
0
0
0
0
0
0
0
0
0
0
0
0
0
0
0
0
0
0
0
0
0
0
0
0
0
0
