3.583550813234220866e-01
5.581974234137279112e-01
6.750630885895455569e-01
7.426635976956059704e-01
7.793957259642471103e-01
7.961877106127900339e-01
7.998752121111585289e-01
7.948874488239667802e-01
7.841687151713756521e-01
7.697129045231569933e-01
7.528897280158514116e-01
7.346459541422185602e-01
7.156488297486510719e-01
6.963544289945822197e-01
6.770870793393064524e-01
6.580700751155534878e-01
6.394543970701572766e-01
6.213398512723180556e-01
6.037920824563622890e-01
5.868450694419465874e-01
5.705185101948017090e-01
5.548171418729629378e-01
5.397341391719627790e-01
5.252609791608192635e-01
5.113795260627420625e-01
4.980702455521476835e-01
4.853113284751408574e-01
4.730827865164644597e-01
4.613578023728393540e-01
4.501152670862546556e-01
4.393313827860734211e-01
4.289876801127379125e-01
4.190589106398540653e-01
4.095277376666328628e-01
4.003719705779650861e-01
3.915744536407277376e-01
3.831157862026619010e-01
3.749804248691562258e-01
3.671528621197273634e-01
3.596169781575798696e-01
