0.9596023762859763
0.9300928219084699
0.8920488623584392
0.8568898658779147
0.8249456108163238
0.7958798768571497
0.7693263494022764
0.7449679282430822
0.7225427165599757
0.7018247900941377
0.6826302807107478
0.6648012834507857
0.6482026944702939
0.6327175378929599
0.6182417547506001
0.6046874793871642
0.5919762276588204
0.5800382018402832
0.5688119081693401
0.5582414444664276
0.548273477676763
0.5388710579267201
0.5299941432736102
0.5215991309014386
0.5136563908697632
0.5061364229978444
0.49901087601772154
0.49225590517240636
0.4858483700371298
0.4797679068403943
0.47399558899482586
0.4685137513068576
0.4633072465084851
0.4583613743903051
0.45366293382724
0.4494806961115798
0.4470140883141045
0.4446532955650295
0.44238698201880233
0.44020405110399874
0.43809671666088906
0.43605636460036085
0.434076170201756
0.43214998952351674
0.43027249166529036
0.4284390827799461
0.4266456740248019
0.4248887112180017
0.4231658967442432
0.4214728163681169
