0.9192047525719539
0.8601856438169396
0.7840977247168784
0.7137797317558294
0.6498912216326475
0.5917597537142991
0.5386526988045524
0.489935856486165
0.4450854331199516
0.4036495801882757
0.36526056142149577
0.3296025669015716
0.29640538894058766
0.26543507578592035
0.23648350950120045
0.20937495877432855
0.18395245531764082
0.1600764036805663
0.13762381633868048
0.11648288893285541
0.09654695535352598
0.07774211585344049
0.05998828654722066
0.043198261802877114
0.027312781739525893
0.012272845995689341
0.0
0.0
0.0
0.0
0.0
0.0
0.0
0.0
0.0
0.0
0.0
0.0
0.0
0.0
0.0
0.0
0.0
0.0
0.0
0.0
0.0
0.0
0.0
0.0
