1.7570451514051495
0.984224348610026
0.6507413929261808
0.4686524073977831
0.3546677770097459
0.27710512226132433
0.22129679686606796
0.17951038946265704
0.1472786282332379
0.12183543637647459
0.1013801308523586
0.08468837874592479
0.07089944924769566
0.05939056507107188
0.04969992239839821
0.041479687401950356
0.034462150312614945
0.02843831917755841
0.023242759925048904
0.01874312910784713
0.014831157900782037
0.011421830419022401
0.008443113328775335
0.00583325391014959
0.0035433339918968815
0.0015315715051508493
0
0
0
0
0
0
0
0
0
0
0
0
0
0
0
0
0
0
0
0
0
0
0
0
